2 1.12369023991594 0.0117002744283117
3 1.27947413928092 0.00953005153689257
4 1.35459544041901 0.00828817161750613
5 1.43096006918274 0.0078462744330735
6 1.48457552569742 0.00741843856714664
7 1.57021715869507 0.00709897452321394
8 1.61826458094668 0.00681744845980523
16 1.8753990384242 0.00564572703480335
32 2.15948117684277 0.00502908540586629
64 2.14120898484596 0.00350670606256052
128 1.85152335019409 0.00202980559275762
256 1.57564294461832 0.00111732466895954
512 1.36387146636545 0.0005529907187292
1024 1.22313997872474 0.000296582694129332
2048 1.1316551857336 0.000145835956613788
4096 1.07696585110559 9.6143181083962e-05
8192 1.04408658922914 4.77073530573241e-05
16384 1.0248309242806 0
