4 1.39813137237382 0.00969110495682667
4 1.40738502924786 0.00941292103821087
3 1.3673565895795 0.00987530457258423
9 1.66513157952173 0.00781729979548276
3 1.34671233537556 0.0110074894779606
1458 3.32220813647563 0.00231306635954325
3 1.31663348659591 0.0106021978055949
11 1.83763117412293 0.00744132473022678
8 1.69026237374524 0.00836418379281084
8942 4.07616966349343 0.00158561014600252
6 1.47925485601835 0.00861853410587931
2 1.07614457644167 0.0117638905895999
19 2.03085444296371 0.00711056601765176
25 2.12759446656759 0.00637046903705065
80 2.23764352137911 0.00446305134484917
5496 3.34441421113176 0.00163709415472225
2 1.05940796242627 0.0119644961938713
22 1.92074235448188 0.0054889815900974
8926 4.12474358847067 0.00160975487955972
10296 4.63416200787482 0.00169389080873252
2867 3.3092420312068 0.00184186873337372
20 2.01864037701403 0.00670441431739493
4 1.53305121937528 0.00911162794841669
4 1.46353855261064 0.0097554832856308
6491 3.82058323210218 0.00165868508364523
870 3.28087474955885 0.00269458371692333
12 1.66422426592668 0.00718125223352543
609 2.86286573510961 0.00279686303728004
733 3.19165936815614 0.00288742294676309
490 2.86566908851376 0.00294522888974371
9 1.72241901105129 0.00810349666268738
4451 3.99119201582953 0.00197958394848229
253 2.63805782210134 0.00344254727196271
2 1.13155545073199 0.0115244134680822
1176 3.321860620986 0.00244751461979235
763 3.1086903938055 0.0028454430182777
629 3.50133453105066 0.00325357157121841
2 1.09733146454782 0.0117443099953109
27 1.88226961702039 0.00571771333506116
5 1.5150045117578 0.00914502352452612
2 1.06482371898401 0.0118662283799356
80 2.20832506831512 0.00387055693185266
15 1.73055440845253 0.00658444999237507
8379 3.77695451017722 0.00165436291454933
135 2.8019246322967 0.00476335803618365
3 1.3133754306125 0.010480367233849
3 1.31069958421251 0.0107468340567061
69 2.35817672779552 0.00475779818924322
33 2.09234977053923 0.00490761944574224
14239 4.07278867627201 0.00143684018473205
182 2.87585879616764 0.00383681708795151
2 1.19230400337611 0.010405945089512
15191 4.13081611672888 0.00140471249705622
177 2.42977517944353 0.00354466829205917
85 2.39243608148845 0.00389484293620259
9 1.60065087404805 0.00751587788046657
11 1.80778903255187 0.0077048619654347
5 1.52685766731236 0.0091939593390938
6435 4.45875886080855 0.00193878153564402
4 1.39133321896035 0.00955521588037895
844 3.5046329098976 0.00284741739748816
5 1.44788247804569 0.00918139057518479
6 1.51391575619153 0.00818224798902415
38 2.08307542648168 0.00507858912352082
3 1.35676245763054 0.00965845620480195
12 1.77063448880054 0.00691034206789894
4 1.53356299616689 0.00868719881606178
4 1.43905454061955 0.00965102470543139
586 3.33399665796722 0.00305830710951477
15 1.75759224176543 0.00676070737543139
108 2.59267457041964 0.00458988695005882
34 1.94098580350043 0.00530601233953601
3112 4.11129646776373 0.00230647620389398
3900 3.63396813640846 0.00183875517599607
64 2.14996194817198 0.00424765873754925
