2 1.00262159114334 0.0467152022837331
3 1.30460864925617 0.0487609805744604
4 1.40967688497073 0.0509195153218029
5 1.50250032318498 0.0476678537675018
6 1.48681070329075 0.0452461536296771
7 1.59696169088507 0.0430068543251156
8 1.69091449134632 0.0433584320493372
16 1.82927091360693 0.0374312267848924
32 2.05752974773917 0.0346253539762915
64 2.22775869792444 0.0283679780470251
128 2.47287275317704 0.0277222980987184
256 2.46119959335818 0.0205465610979665
512 2.25140784857151 0.0153256100567137
1024 2.50436893203883 0.0158540285015233
2048 2.59039836567926 0.0149549310787874
4096 2.57437888198758 0.012865432977487
8192 2.49185989146522 0.00927241412495966
16384 2.41033320853613 0.00781592324302498
