2 1.12109684062212 0.0116011224803921
3 1.26570894738422 0.0100523823742425
4 1.34218497973956 0.00897709550163659
5 1.40129394057846 0.00839832148641531
6 1.45175008370093 0.00799362500963191
7 1.47494072044186 0.00765631952690243
8 1.50358520416475 0.00754346444190095
16 1.68917527357679 0.00650165117235851
32 1.88132978181448 0.00564410385949421
64 2.08753185878231 0.00501507693305327
128 2.31597731858816 0.00439082361311736
256 2.51810268948655 0.0038392348450025
512 2.74727121485304 0.00342571560843896
1024 2.99585970648276 0.00307453339427633
2048 3.22321308823912 0.00271569217559927
4096 3.47421168799769 0.00242489575778028
8192 3.74628844467524 0.00220526743115961
16384 3.99338780417214 0.00201632356674369
