2 1.02037262754658 0.0503294815593762
3 1.04085103232096 0.0427150849215268
4 1.10032201481792 0.0356494583613445
5 1.11201512850863 0.0332430974353774
6 1.17543334184304 0.0296632923079995
7 1.19516842821785 0.0301084408273681
8 1.15831880618811 0.029718358491375
16 1.30183523632757 0.0235363066306606
32 1.43203806210397 0.0223104565181427
64 1.56308479013651 0.0177480334684518
128 1.6952854083895 0.0154813344505334
256 1.84019799607556 0.0137431759866698
512 1.97841521907925 0.0111057741488225
1024 2.15723475666605 0.0100721521470721
2048 2.31044885218988 0.00910114112235363
4096 2.48256415145537 0.00779620158293488
8192 2.66811197322379 0.00711096517692017
16384 2.8528466256958 0.0055507709060837
