2 0.940631351809573 0.043106936117872
3 1.12394653902754 0.0341266110491664
4 1.09716745624238 0.0268310069441269
5 1.11063501956303 0.0211966970482715
6 1.10814647833281 0.0179408041835692
7 1.13300948287322 0.0165068276939835
8 1.15485710398229 0.0156835467363824
16 1.23271944760731 0.0102970693956828
32 1.35400635433693 0.00766645598529778
64 1.35750185873606 0.00546560473852985
128 1.42908996629505 0.00506488127010809
256 1.3594317806409 0.00334512997967909
512 1.02578404546411 0.00195993491601287
1024 0.710551218358174 0.00101575079172594
2048 0.423168739791431 0.000545722185327712
4096 0.347236570247934 0.000273391352841136
8192 0.309879454926625 0.000137174038037638
16384 0.28963696369637 0.000137438966765554
