2 1.12282706571149 0.0115108841940628
3 1.29915192491211 0.00994217772500091
4 1.40714520908792 0.00927792198782061
5 1.45210226122575 0.00855867726780238
6 1.52085761562831 0.00821471046674711
7 1.56752890889223 0.00784755975395194
8 1.61208919439959 0.00778415782927692
16 1.83782399794494 0.00692344750806394
32 2.08432336039271 0.00617252283404645
64 2.33506676857771 0.0054515732101554
128 2.58037927046427 0.00489399028548718
256 2.85488884646134 0.00438567577638267
512 3.1224625585284 0.00383435109780075
1024 3.40293131059404 0.00347029897174375
2048 3.70069190971236 0.00311701299582447
4096 4.01072179909623 0.00273634049428911
8192 4.31371586319339 0.00245538519266185
16384 4.64192240340548 0.00226777267992379
