4 1.40013322750253 0.00990183858974018
4 1.40858596134283 0.00946012368085433
3 1.38626041169497 0.0102416265419921
9 1.67535512797794 0.00763313953674878
3 1.32714850304224 0.011168627887321
1458 3.44276517027413 0.00240208307236549
3 1.30229385415849 0.0102799695599507
11 1.76782711773212 0.00710044110362587
8 1.63194886270979 0.00791518996935976
8942 3.91447475953983 0.00154297713359409
6 1.52838298416834 0.00854516311435869
2 1.08093456804813 0.0119569517620288
19 1.88217027858259 0.00671119999437633
25 2.02238391926232 0.00623635635074808
80 2.43449467392478 0.00471765788591401
5496 3.69781566022306 0.00180847819152985
2 1.07506299264869 0.011895378867648
22 2.02329529405118 0.0060308848554041
8926 4.09646771490558 0.00164341206048374
10296 4.11457088831267 0.0015801153474158
2867 3.6096979917216 0.00201552100674678
20 1.92656404861679 0.00645875793869783
4 1.48255812823677 0.00892068251921425
4 1.41992679513403 0.00935994010925923
6491 3.96711477231789 0.00173642829489126
870 3.24197870742642 0.0026541453885431
12 1.72697509403998 0.00730757510011802
609 3.14109783628846 0.00305666942657026
733 3.20401234524385 0.00283465193040079
490 3.06084111258339 0.00312556753767965
9 1.65534838390132 0.00778867454613491
4451 3.85231777555394 0.00195440461416836
253 2.83225498236806 0.00362877948698689
2 1.13893644420877 0.0118084969372923
1176 3.26079588008987 0.00237434001662259
763 3.23503955353721 0.00291763482946185
629 3.15909771783593 0.00298738366538309
2 1.11297543026183 0.0118832105264053
27 2.04175942184993 0.00591968644947546
5 1.49656572210836 0.00894217310759361
2 1.07752612988426 0.0122264685344043
80 2.43406215548172 0.00442185736126605
15 1.82777468285928 0.00698827225084023
8379 3.82619462347314 0.00170209561098657
135 2.60983283459 0.00442103206323652
3 1.33341528396767 0.0105203179422996
3 1.30236080824784 0.0104152244197465
69 2.37536740643779 0.00480823673283836
33 2.17256654785543 0.00526634480991072
14239 4.32095725384643 0.00153994868353627
182 2.7067002446305 0.00359721790754439
2 1.20794326241135 0.0106169504142195
15191 4.22652111541605 0.0014427236015313
177 2.70465820464464 0.00390264331652535
85 2.46558989975259 0.00395676455616853
9 1.68399031944479 0.00762227859812432
11 1.72453394985597 0.00736545315010019
5 1.49220404329745 0.00890710131777513
6435 3.94331543228432 0.00176964465898843
4 1.38942340506591 0.00957887443016822
844 3.22502307408319 0.00264893033109863
5 1.46424297612504 0.00945938236608429
6 1.54110875443227 0.0084871535137132
38 2.18028215424123 0.00546414014618469
3 1.36187440890305 0.0100582340336341
12 1.79852289599153 0.00714214981657507
4 1.51300511363514 0.00865534920500225
4 1.40305667765561 0.00965113206512054
586 3.12499671982016 0.0028843745819251
15 1.81798487572425 0.00677926595007167
108 2.5231172110153 0.00445979242775507
34 2.11998294403708 0.00563509753446983
3112 3.74939576276889 0.00210535031582774
3900 3.73629284314245 0.00192015788296573
64 2.37830781425635 0.00473717010495001
