4 1.41114402004686 0.00970767496835687
4 1.46122401614451 0.00952777891660138
3 1.39128837068802 0.00938566955609598
9 1.63169212007918 0.0080406530865666
3 1.36866105524245 0.0117959754604898
1458 2.86359128924789 0.00207442897984784
3 1.37942476246594 0.0111204176231903
11 2.00870173176729 0.00823798901881112
8 1.89987614588811 0.0100482273984089
8942 3.67740585485953 0.00193601361222923
6 1.4336627649032 0.00937680591820834
2 1.07115246330042 0.0120845771874297
19 2.42431137318066 0.00836857386750246
25 2.37019946555705 0.00765461713415413
80 1.87988191798184 0.00404225672096865
5496 2.32334165729457 0.00141731217055959
2 1.06133189482202 0.0116939027644722
22 1.71316830926252 0.0047031842397718
8926 3.60544571161506 0.00182791429781909
10296 5.03815312928676 0.00245676924990822
2867 2.52529002136583 0.0015689944468586
20 2.23574090226914 0.00742736069207398
4 1.60529931606855 0.00967374192735659
4 1.51569268800024 0.010771278402671
6491 3.1555432219683 0.00168590232780027
870 3.06394013205169 0.00255897166878805
12 1.56563789268984 0.00772056774156184
609 2.33553449543601 0.00238699740690268
733 2.95529041375508 0.00270315155405177
490 2.39121605507792 0.00251413273523044
9 1.83684826349079 0.00874633391697244
4451 3.78107744895742 0.00210639757311455
253 2.23078210398806 0.00303398255164931
2 1.06088373844375 0.010157660289201
1176 3.10090318209726 0.00236465380181702
763 2.70995010888707 0.00255785703334259
629 4.11560431793115 0.00374524419113112
2 1.03656528387388 0.0112079799563922
27 1.60984370850365 0.00543113640040245
5 1.59844734138209 0.0117741791569226
2 1.0529870960144 0.0118755863264211
80 1.75563332777517 0.00292874297647856
15 1.61066303868564 0.00664807862815201
8379 2.9988387765525 0.00165748681437602
135 3.25646601892213 0.00555517607248811
3 1.31277120834649 0.011510425928244
3 1.35825977412126 0.011892447662311
69 2.28421122083507 0.00453179208823038
33 1.92216418356041 0.00438435512449812
14239 3.54940540658439 0.00173679814734924
182 3.12776669336132 0.00427900446071555
2 1.03519138489008 0.00774186750751286
15191 3.32182020560265 0.00165172429948876
177 1.94884212167709 0.00292790045141808
85 2.11565347131837 0.00349887054418311
9 1.4392171961015 0.00719170724623543
11 1.97986260735389 0.0087993412699768
5 1.58090892091441 0.00948889244006518
6435 4.98726695325009 0.00262213416704432
4 1.41194674636203 0.0102687370472395
844 3.93645677346176 0.00317794442863603
5 1.40761766966587 0.00874693895597678
6 1.36647297915011 0.00769834916176995
38 1.92589536284265 0.00493059769238312
3 1.38694771464124 0.00977641185536385
12 1.78426274157164 0.00682755901884272
4 1.62028820210663 0.00872087693603571
4 1.5056551943355 0.0103481676955636
586 3.61197247688209 0.00319933122596257
15 1.65478274279099 0.00672973123628614
108 2.7057697307942 0.00468266267335845
34 1.65954324277182 0.00483049181809266
3112 4.50793057799642 0.00273270316924124
3900 2.95415120639519 0.00170905293164269
64 1.74677841306717 0.00359536022614028
