2 1.02037262754658 0.0503294815593762
3 1.0889092894791 0.0370757283164913
4 1.21331719565728 0.0313114419312905
5 1.30316386957659 0.0311160063431486
6 1.28988446121198 0.0281004779204779
7 1.28316432188331 0.0284078270361206
8 1.33474240041551 0.0266043077274039
16 1.54007915586875 0.0230433886092867
32 1.70474833808167 0.0206461801052142
64 1.87182812001277 0.019686080441878
128 2.06136402679952 0.01629484364339
256 2.15918155019941 0.0148538821335336
512 2.32315703491934 0.0139451703864194
1024 2.29251587036418 0.0112813882132727
2048 2.02001953125 0.00770407343823073
4096 1.6984076433121 0.00439380626014397
8192 1.45339470655926 0.00270684635820134
16384 1.26890034364261 0.00138795781130851
