2 1.04271057934098 0.0108517777100483
3 1.19631330456272 0.00933858102391126
4 1.26465563895621 0.0084597758621693
5 1.32640231628839 0.00805436863920199
6 1.3600219098431 0.00767278846329659
7 1.40442627651858 0.00740630176327795
8 1.43856917890653 0.00733279923933155
16 1.59502489297329 0.00627028494687555
32 1.77790806754221 0.00551552138607127
64 1.95661072451903 0.00484701131479041
128 2.14798588764393 0.00450115913862548
256 2.30638523828488 0.00400453084966085
512 2.44172268428848 0.00360746776162265
1024 2.51420289855072 0.00313712997724394
2048 2.43366093366093 0.0024242353961949
4096 2.14324324324324 0.00213068140802069
8192 1.82629674306393 0.00125582188336322
16384 1.54471544715447 0
