2 1.12128073975645 0.0115627687898961
3 1.20271704031737 0.00976073155051436
4 1.27893588268595 0.0088053583187276
5 1.32497023376134 0.00825064957374276
6 1.33480618719402 0.00768507155430183
7 1.38157538162088 0.007347756072147
8 1.38579543281184 0.00718398793560496
16 1.53590461994924 0.00614329872899089
32 1.70353825143446 0.00528670183291509
64 1.88406940189008 0.00464864634182045
128 2.09133616448048 0.00412541479993292
256 2.29896163096119 0.00360036805959479
512 2.51334527469745 0.00323929629986157
1024 2.74019138144699 0.00281154853245453
2048 2.97228143218598 0.00256096579407914
4096 3.22032714265987 0.00225520079234814
8192 3.47513412933058 0.00200999975128178
16384 3.72104051958675 0.00185518480939104
