2 1.04271057934098 0.0108517777100483
3 1.13414092306111 0.00892791543628682
4 1.18133651657958 0.00803749314433848
5 1.21719856299748 0.0074922994026076
6 1.25068592594286 0.00715780690420292
7 1.27932335537765 0.00676415730916583
8 1.29839642016784 0.00656672829255757
16 1.43464019197862 0.00559101025160288
32 1.57149051332081 0.00490486213874807
64 1.72848484272726 0.00428737773999097
128 1.87356441918612 0.00373225752770661
256 2.02314673633521 0.00331266786786179
512 2.18023582509564 0.00280887757876145
1024 2.32644244644245 0.00246789121579495
2048 2.48753724293293 0.00214309753759883
4096 2.64356221582596 0.00186406514639698
8192 2.80316863529182 0.0016299605337269
16384 2.96333468161456 0.00140032852588481
