2 0.876820756676528 0.00778596560900882
3 1.36435489432977 0.00968668376892839
4 1.63790024997024 0.0104999046100965
5 1.82065109494092 0.0109551989580439
6 1.95001809693543 0.0105272092143847
7 2.02934332707516 0.0100528547658196
8 2.09799059751289 0.00965742635677972
16 2.09592831850083 0.00695476735386496
32 2.51406005774971 0.00750948717025988
64 2.68586127766674 0.00649189713587214
128 2.64922103477892 0.0050180222244691
256 2.4544794188862 0.00340922487258146
512 2.16198674186208 0.00207401654286409
1024 1.8430008664677 0.00121121760421554
2048 1.56011657639328 0.000662347593012919
4096 1.34901012272687 0.00035100006252927
8192 1.20810988804215 0.000147548096485747
16384 1.12084864899723 9.68658732132851e-05
