2 0.875062413648587 0.00784459785352019
3 1.02273213794228 0.00563554236432024
4 0.993744871030399 0.00428230315934059
5 0.9530382502603 0.00363412740544838
6 0.894489663767833 0.00342377934095972
7 0.849386206545677 0.00327088141532047
8 0.800882603943645 0.00322255444172262
16 0.577993228038445 0.00327931166844268
32 1.78841166936791 0.00531346186920757
64 1.63978179258564 0.00129560293228596
128 1.2389241005266 0.000502048771549211
256 1.12560793722845 0.000244091458801422
512 1.07329894536255 0.000144589774341911
1024 1.04289872329166 4.77894422247686e-05
2048 1.02476430752888 4.75312592685434e-05
4096 1.01433512938203 0
8192 1.00815687841257 0
16384 1.00463040074619 0
