4 1.29830084791611 0.00905440341410776
4 1.34051512348089 0.00899040774594503
3 1.28602614070915 0.00861874877244788
9 1.4576116705198 0.00736769419128527
3 1.2304953867158 0.0111171162809542
1458 2.50759383104962 0.00182850862326363
3 1.24831451771677 0.010612589402266
11 1.76751228612311 0.00752703270030727
8 1.67809635541189 0.00915487166585775
8942 3.25405830382697 0.00128366711463726
6 1.27379233921679 0.00904143573252371
2 0.997596834922358 0.0111478709491513
19 2.03647110692187 0.00723631657680327
25 2.03177088922155 0.00686283698992543
80 1.6460134404852 0.00376836550402921
5496 2.19349653024005 0.00113966822209717
2 0.975479568420118 0.0109458908323371
22 1.49558726752204 0.00426264923170086
8926 3.21683542388227 0.0013133393458306
10296 4.12200522135888 0.00150949472890796
2867 2.3477510082258 0.00135153306482829
20 1.92842183157827 0.00654790982883943
4 1.47180643234336 0.00913972141753581
4 1.35913834684515 0.00996984957108744
6491 2.94147869761118 0.00129854269916831
870 2.59544184318725 0.00222378645271623
12 1.39517462603826 0.00704692217861864
609 2.08214401666891 0.00216686494298526
733 2.52524212380829 0.00239032968951958
490 2.1009007744881 0.00229137404577692
9 1.59626149063929 0.00786670077362286
4451 3.21727716166629 0.00164855409711376
253 1.94441685442828 0.00274762928497597
2 1.03348196575636 0.0104362755858392
1176 2.62666830573706 0.00197204173169866
763 2.3699403127768 0.00233208387203356
629 3.31049795915738 0.00304363113607169
2 1.01059744757746 0.0110346227097895
27 1.39596076665391 0.00480578696299396
5 1.43175130896199 0.0107889620206588
2 1.00007542384008 0.0113543693012552
80 1.54733996989594 0.00278401039907694
15 1.41639286005355 0.00619711258156479
8379 2.66331617015268 0.00120513836347838
135 2.66108845917026 0.00471883746632414
3 1.20954417698339 0.0107973331130844
3 1.26532987057369 0.0110587690763754
69 1.93566457745379 0.0040424333035923
33 1.65382579662254 0.00388369749562909
14239 3.45953254344273 0.00121158991126799
182 2.61135038612028 0.00378314047191824
2 1.07861661771535 0.00945169968724566
15191 3.11250827266711 0.00103864511244498
177 1.70256150656415 0.00270997330554684
85 1.81731526121494 0.00317288430691116
9 1.27465393931811 0.0065909556991386
11 1.73552140730347 0.00793643605909148
5 1.39663853522952 0.00891539848047915
6435 4.10686381756927 0.00187990673419853
4 1.28603039370056 0.00928173028762191
844 3.26359798559632 0.00264857111041047
5 1.27203537929313 0.00799530377163627
6 1.23235327987217 0.00702081763850578
38 1.65655899517362 0.00442866099291769
3 1.27529648445547 0.00897022947621483
12 1.56560198151788 0.00632886628898041
4 1.4891248112206 0.00837499293428694
4 1.34063089900248 0.0096039660570821
586 3.01242333048821 0.00270918461068189
15 1.44380985948829 0.00601701137088472
108 2.24445419415075 0.00406964926518894
34 1.43461716923419 0.00454291021752868
3112 3.7083974555634 0.00210758910250214
3900 2.61746437152003 0.00135587650269542
64 1.52062448658284 0.00328629931860797
