2 1.12759242806608 0.0117142519449643
3 1.3538285974042 0.0101136140007793
4 1.44470018170806 0.00962908433618005
5 1.53863433563676 0.00893932564322276
6 1.61980190258624 0.00876137764753397
7 1.69513258263712 0.00838813760753936
8 1.76149994479767 0.00836642914002806
16 2.06673205216598 0.00693384194377603
32 2.20942612308491 0.00535293306733533
64 2.0682501795036 0.00347733624550341
128 1.8167701863354 0.00203119622174508
256 1.56315948145915 0.00111887745335012
512 1.36274246893716 0.000554010515012289
1024 1.22254570498372 0.000296663406371585
2048 1.13200863096197 0.000145931997243317
4096 1.07662108224825 9.61455235068637e-05
8192 1.04385704385704 4.7703457099462e-05
16384 1.0247322879024 0
