2 0.870984090608611 0.0077250848892739
3 1.25315837101022 0.00893180698378392
4 1.43714197016991 0.00891274569349452
5 1.54158514638791 0.00886360869425524
6 1.63884521695932 0.00860802644169754
7 1.72059945284505 0.00842243113955543
8 1.79765701643126 0.00831147827234455
16 2.12178686515503 0.00760149750476999
32 2.41181268317017 0.00689317474439991
64 2.70021712251982 0.00600280413161933
128 2.96683642571648 0.00531607701501667
256 3.20923403744255 0.00474818976025611
512 3.44484753500016 0.00421824657253911
1024 3.67397962303722 0.00379810136118854
2048 3.89617191564901 0.00340867878496487
4096 4.11608814145418 0.00316918927787466
8192 4.33752855801306 0.00302203755694962
16384 4.58395524587651 0.00294354860132607
