4 1.29226344544383 0.0396327037001763
4 1.17283089480515 0.0391406386409382
3 1.31804610823231 0.0430886160442525
9 1.4596486618054 0.0297765010077111
3 1.17589148044899 0.044750096777356
1458 2.56669691006472 0.00817611056396481
3 1.21635327182346 0.0477973729092163
11 1.60047692407037 0.0304729210447869
8 1.5057869142461 0.0326083453937863
8942 2.96218769642405 0.0052060177064447
6 1.4112420976056 0.0352011943886967
2 1.01072469905379 0.0523687729047074
19 1.76159291586145 0.0270769887230557
25 1.79572134947676 0.0242445006519835
80 1.88055679430296 0.0177252133783928
5496 2.49872834960337 0.00525035406524893
2 1.01393919953267 0.0516716904698687
22 1.67031825043736 0.021234742374436
8926 3.01738618817552 0.00549204594388357
10296 3.28998406985789 0.00548875136291363
2867 2.50178745531362 0.00620589998343876
20 1.7212989944949 0.0261383631953657
4 1.43053411267795 0.0347878130751746
4 1.32588918685406 0.0404822125158702
6491 2.8531196321008 0.00538611785604379
870 2.53183963965078 0.00983007398262563
12 1.46210163620685 0.0310855925493702
609 2.25821867106834 0.0103557254922141
733 2.49277729395079 0.0101807298503048
490 2.25740045153447 0.00998445829181078
9 1.53717750579217 0.032257620921455
4451 2.92924822284127 0.00659234940919535
253 2.14499963314939 0.0125752829301038
2 1.1317820497632 0.0476238985681555
1176 2.54684258324355 0.00829415582668635
763 2.405804822131 0.00992628752239596
629 2.70864735945486 0.0112092853055529
2 1.02031365425371 0.0477133530830538
27 1.60312968047662 0.0227505745249872
5 1.39953081225705 0.0406889229322413
2 1.04752129583133 0.0530133289585283
80 1.84379858492509 0.016387129449025
15 1.52442855241062 0.027139321166312
8379 2.75744413123255 0.00522763946888676
135 2.2945023964363 0.018297957321819
3 1.11467202088707 0.0426506347777558
3 1.25884699161358 0.0459278086120699
69 1.97322996139659 0.0189559459986974
33 1.80600449149208 0.0188959329286041
14239 2.99587240320103 0.00485715300789811
182 2.33199693738107 0.0143533518299754
2 1.08915160814356 0.0403091202119203
15191 2.98029214028869 0.00433603331261853
177 1.97813275677884 0.0140178499066834
85 1.97278839440408 0.0154110172433799
9 1.46218033013808 0.0329649290950619
11 1.59476692752195 0.0306172044192696
5 1.36052433991936 0.0360305506481766
6435 3.23235438942403 0.00688963830428077
4 1.20521773167629 0.0384780129490103
844 2.70345810228804 0.00940175053858893
5 1.2944291078645 0.0374994920583393
6 1.35383435216581 0.0331842454264566
38 1.74660757001479 0.0202604819023748
3 1.30714190745306 0.0407605869569659
12 1.54578206417933 0.0272250403643285
4 1.43784539207066 0.0392116831893746
4 1.27949966833369 0.0394388248241606
586 2.60776667162426 0.0115849784622772
15 1.52859827400004 0.0299504432550519
108 2.1293927642924 0.0176007506892432
34 1.68860816365721 0.0212183830692457
3112 3.0242799245552 0.00774443057953312
3900 2.6981498325926 0.00653257057703939
64 1.77376164899925 0.0157700793303228
