2 1.02847867473645 0.0488568302603397
3 1.24742327301809 0.0432617226102467
4 1.28627081977593 0.0361201604158853
5 1.25553892101514 0.0338135435997784
6 1.36539062650742 0.0331646358892532
7 1.35733629366162 0.0289925812346451
8 1.37310689812538 0.0301546375487083
16 1.53968737958418 0.025501669831146
32 1.70069432584048 0.0228868280786979
64 1.83496259881917 0.0215918637783929
128 2.01853518423867 0.0179559112547734
256 2.18127072402779 0.0152638398495625
512 2.36700550646262 0.0137790723759741
1024 2.51848203361237 0.0118606613921773
2048 2.68802580107829 0.0102831131562174
4096 2.84703253223916 0.00851227924984061
8192 3.03468026654111 0.00793443640250031
16384 3.20481246502569 0.00702177667945262
