2 1.12765941992141 0.011495140115426
3 1.35059494616876 0.0109498516161355
4 1.48738173131237 0.0103613090226443
5 1.60256470448307 0.0100274993679981
6 1.6893109631063 0.00950945343484894
7 1.7653030228106 0.0096099397600098
8 1.81876564833215 0.00938344017496695
16 2.19672279098627 0.00810055863783197
32 2.40391047297297 0.00675091470646266
64 2.44920751522094 0.00510540674198656
128 2.2739499804212 0.00346796362730011
256 1.98735465431003 0.00207143077390021
512 1.69955352560813 0.00116376475153241
1024 1.4579955890356 0.000607674869765739
2048 1.28195166717651 0.000298413027645195
4096 1.16757272293753 0.00014661695614445
8192 1.09716401910145 9.64499655372423e-05
16384 1.0554204194333 4.77920563085223e-05
