2 0.874474975151496 0.00768797560069032
3 1.07566980718179 0.00818283794650932
4 1.12543561947368 0.00767209333930184
5 1.15444241341001 0.00746130097216882
6 1.17539400849023 0.00711076459372991
7 1.19009961377509 0.00681776194501921
8 1.20806847998093 0.00655964464240999
16 1.28455149549219 0.00535514779764797
32 1.41415715288135 0.00455867335881332
64 1.58541258872456 0.00394101137660594
128 1.76778216087972 0.00350403832809179
256 1.97648098020297 0.00312659903888752
512 2.19363559256526 0.00289233569836394
1024 2.40063260218087 0.00263012041367342
2048 2.61406289809375 0.00239927372226424
4096 2.82308417629363 0.00229158826252296
8192 3.02056561357837 0.00221588401889027
16384 3.22555562667817 0.00213603875882371
