2 1.02847867473645 0.0488568302603397
3 1.21392769295029 0.0452691904245061
4 1.3267563286117 0.041889879099339
5 1.3740753462468 0.0415701704297135
6 1.37059969221891 0.0379709453035863
7 1.48288953421601 0.040765092976992
8 1.51954596104207 0.0373258923090439
16 1.76510298558933 0.030411396090407
32 1.80405980955858 0.0281593441725387
64 2.11681550546179 0.0243762580158745
128 2.22532340763306 0.022924552226187
256 2.35781700288184 0.0212195981554314
512 2.45438564587501 0.0168685149827296
1024 2.47579180956224 0.015351713291858
2048 2.47270596115204 0.0125055716729055
4096 2.43733189887036 0.0106286955719238
8192 2.35927419354839 0.00826598330026904
16384 2.25 0.00543535198774619
