4 1.30203691968636 0.00909159023594445
4 1.27764756019604 0.00872213076046689
3 1.26812445998352 0.00948371465264606
9 1.49328688465381 0.00701767635112598
3 1.21817803621236 0.0103654867294573
1458 2.6607767603601 0.0018987229841772
3 1.19555691320784 0.00968190592577087
11 1.5655993493182 0.00652957432557116
8 1.44744150982576 0.00724490914259051
8942 2.90869557187208 0.00115165596080273
6 1.38332374954679 0.00796850037390107
2 1.03949112573638 0.0112292978818747
19 1.62609271898054 0.00606065727766658
25 1.72197750956982 0.00556894924232614
80 2.02632427792057 0.00411784504565396
5496 2.78110306232745 0.00138412580964597
2 1.03949112573638 0.0112292978818747
22 1.74383047547484 0.00530924417786428
8926 3.0354636196682 0.00120824888105897
10296 3.04379175345183 0.00116691263510092
2867 2.75380108980892 0.00156586750414231
20 1.66970999904594 0.00592937782722986
4 1.36542445057061 0.00840607463745749
4 1.29135129118433 0.00891893452156617
6491 2.96195556461854 0.00130395127311066
870 2.548581371684 0.00214202884487768
12 1.51305732931868 0.00665762804005084
609 2.48383769360457 0.00243312176386621
733 2.52075223223977 0.00230367519219955
490 2.42575495566594 0.00249699393414799
9 1.4674108176823 0.00710154079856541
4451 2.89592959229637 0.00144926567710227
253 2.28083100929429 0.00299946591159835
2 1.09790318014532 0.0108748086651537
1176 2.54567082210634 0.00190708035634299
763 2.53560664029295 0.0023362361830889
629 2.49185149670342 0.00239736884130679
2 1.04135289048743 0.0112284502441524
27 1.73530175005538 0.00529115112992202
5 1.35776821273447 0.00837602903419333
2 1.03949112573638 0.0112292978818747
80 2.02727214567079 0.0038943516940226
15 1.58357668850851 0.00633486464116896
8379 2.84780561028864 0.00126578615120001
135 2.14615451319718 0.00381777084384939
3 1.21166942976754 0.00971152809960297
3 1.21921518541355 0.0100003416810772
69 1.98529025687301 0.00416430545922121
33 1.83034271650725 0.00461416560817059
14239 3.16849117908402 0.00111762296944668
182 2.20706949780624 0.00301990917421495
2 1.14888147577294 0.010063532221188
15191 3.09294057334899 0.00103894188260686
177 2.19988655374696 0.00322378924467196
85 2.03817977218446 0.00334549829599558
9 1.49473290275581 0.00708776685809667
11 1.5120613876932 0.00674800168698135
5 1.31352117761123 0.00819437046276699
6435 2.94987176248115 0.00134494427788802
4 1.27665084213952 0.00900487092433717
844 2.5290390607189 0.00210975264196228
5 1.33024734846069 0.00854522652073639
6 1.3754701540585 0.00793175845492391
38 1.83919476207594 0.0047126911935499
3 1.27816280880675 0.00933956180225205
12 1.56150327058528 0.00648523299361794
4 1.38874032401159 0.00803018847270596
4 1.29511372420098 0.00894453339760208
586 2.46426691283605 0.00232413942140384
15 1.58591464383523 0.00634815887128166
108 2.08040249036 0.0038383138769473
34 1.80601298743256 0.00494870680572991
3112 2.84696381603584 0.00163074366968064
3900 2.82330804297236 0.00146087426417878
64 1.97264577109569 0.00397274110371021
