# 1 replications, ../../../biz//problems/ANIMATION.dat
# Tue Apr 16 22:09:13 2013
t,LowerEliminationThreshold,Pstar,Y[0],Y[1],Y[2],Y[3],q[0],q[1],q[2],q[3]
0,0.07168,0.80000,0.00000,0.00000,0.00000,0.00000,1.00000,1.00000,1.00000,1.00000
1,0.07168,0.80000,0.74513,15.22422,14.02299,-2.79513,0.23458,0.27112,0.26789,0.22642
2,0.07168,0.80000,3.84949,31.35332,17.52875,-11.27635,0.23133,0.30457,0.26524,0.19886
3,0.07168,0.80000,19.45707,40.98299,20.03291,-23.16519,0.25648,0.31808,0.25796,0.16747
4,0.07168,0.80000,22.02203,48.70491,36.17060,-22.80184,0.24411,0.31876,0.28121,0.15592
5,0.07168,0.80000,14.95615,47.74175,34.24461,-40.97872,0.23968,0.33267,0.29066,0.13699
6,0.07168,0.80000,10.52599,54.36352,51.04785,-45.08872,0.21630,0.33530,0.32437,0.12403
7,0.07168,0.80000,-1.75050,58.81033,35.63146,-35.77640,0.20011,0.36668,0.29082,0.14240
8,0.07168,0.80000,-10.30502,63.18752,22.51319,-31.25213,0.18922,0.39459,0.26272,0.15346
9,0.07168,0.80000,-9.77249,69.92429,28.92812,-29.35504,0.18137,0.40243,0.26708,0.14912
10,0.07168,0.80000,-15.15457,50.20254,49.24176,-41.66824,0.17878,0.34368,0.34040,0.13714
11,0.07168,0.80000,-7.22191,54.11663,50.26463,-42.30516,0.18770,0.34662,0.33352,0.13216
12,0.07168,0.80000,6.57335,68.25962,44.81980,-48.09690,0.20417,0.37835,0.29929,0.11819
13,0.07168,0.80000,5.14841,60.29996,55.90620,-57.25944,0.20272,0.35190,0.33677,0.10861
14,0.07168,0.80000,19.90527,45.17633,37.57376,-50.90387,0.25168,0.32404,0.30031,0.12397
15,0.07168,0.80000,16.61539,45.47267,43.59153,-63.36998,0.24429,0.32600,0.31993,0.10978
16,0.07168,0.80000,22.77802,36.03395,48.68534,-79.72344,0.26342,0.30076,0.34132,0.09451
17,0.07168,0.80000,0.56452,27.50784,47.07704,-96.96845,0.23373,0.30600,0.37214,0.08813
18,0.07168,0.80000,6.42319,17.85347,43.91406,-105.57607,0.25626,0.28729,0.37283,0.08361
19,0.07168,0.80000,21.39458,30.45739,39.78308,-114.75261,0.28145,0.30815,0.33827,0.07213
20,0.07168,0.85917,29.35249,24.96282,44.69284,NaN,0.32022,0.30647,0.37331,0
21,0.07168,0.85917,36.53512,36.19859,48.61599,NaN,0.31999,0.31892,0.36109,0
22,0.07168,0.85917,49.32758,40.03181,42.02643,NaN,0.35201,0.32076,0.32723,0
23,0.07168,0.85917,61.79460,40.16419,42.11430,NaN,0.38069,0.30664,0.31268,0
24,0.07168,0.85917,68.14751,35.29082,43.50034,NaN,0.39976,0.28781,0.31243,0
25,0.07168,0.85917,66.76126,52.87954,38.86635,NaN,0.38067,0.33133,0.28800,0
26,0.07168,0.85917,51.49439,44.36282,25.06343,NaN,0.37052,0.34502,0.28446,0
27,0.07168,0.85917,52.97441,34.98661,36.62914,NaN,0.37250,0.31117,0.31633,0
28,0.07168,0.85917,43.81604,45.71111,34.43780,NaN,0.34134,0.34787,0.31079,0
29,0.07168,0.85917,35.63779,53.62912,52.57012,NaN,0.29572,0.35401,0.35028,0
30,0.07168,0.85917,56.16301,60.96059,48.50160,NaN,0.33609,0.35261,0.31130,0
31,0.07168,0.85917,70.62954,94.27452,56.26562,NaN,0.31919,0.40433,0.27648,0
32,0.07168,0.85917,74.02961,83.72773,46.84087,NaN,0.34919,0.38475,0.26606,0
33,0.07168,0.85917,85.08300,98.03507,54.83128,NaN,0.34756,0.39562,0.25683,0
34,0.07168,0.85917,82.15389,93.23376,47.01938,NaN,0.35450,0.39603,0.24947,0
35,0.07168,0.85917,66.63289,109.06841,47.42890,NaN,0.29816,0.45577,0.24607,0
36,0.07168,0.85917,64.91238,106.49025,50.94171,NaN,0.29541,0.44770,0.25689,0
37,0.07168,0.85917,58.27269,111.83544,55.90164,NaN,0.27136,0.46363,0.26501,0
38,0.07168,0.85917,43.88701,121.85370,66.31231,NaN,0.22562,0.49203,0.28234,0
39,0.07168,0.85917,41.73590,107.22003,81.48778,NaN,0.22661,0.43618,0.33722,0
40,0.07168,0.85917,48.24857,91.27251,96.50084,NaN,0.24051,0.36982,0.38967,0
41,0.07168,0.85917,59.40816,93.94356,102.70536,NaN,0.25289,0.35720,0.38991,0
42,0.07168,0.85917,49.04037,113.94023,97.12685,NaN,0.22070,0.42233,0.35697,0
43,0.07168,0.85917,49.30800,126.75288,90.47044,NaN,0.21374,0.46368,0.32259,0
44,0.07168,0.85917,47.79484,133.45446,97.17076,NaN,0.20026,0.47163,0.32811,0
45,0.07168,0.85917,34.99324,117.08224,100.67373,NaN,0.19227,0.43693,0.37081,0
46,0.07168,0.85917,44.60268,102.83905,105.62513,NaN,0.21593,0.38657,0.39750,0
47,0.07168,0.85917,43.05860,111.08228,111.85309,NaN,0.20145,0.39774,0.40081,0
48,0.07168,0.85917,60.91657,133.44951,112.03033,NaN,0.21130,0.43642,0.35228,0
49,0.07168,0.85917,63.35053,140.40996,99.65020,NaN,0.21745,0.46993,0.31262,0
50,0.07168,0.85917,71.96588,122.60014,86.02646,NaN,0.26245,0.43547,0.30208,0
51,0.07168,0.85917,89.89243,137.86239,85.82354,NaN,0.27966,0.45182,0.26851,0
52,0.07168,0.85917,88.01041,136.01789,66.92628,NaN,0.29188,0.47173,0.23639,0
53,0.07168,0.85917,102.66168,146.39614,56.71420,NaN,0.31445,0.48695,0.19861,0
54,0.07168,0.85917,94.55011,132.63418,71.66333,NaN,0.30685,0.44908,0.24408,0
55,0.07168,0.85917,112.13913,129.17768,65.60139,NaN,0.35541,0.42143,0.22316,0
56,0.07168,0.85917,111.06009,121.59140,67.07514,NaN,0.36295,0.40326,0.23379,0
57,0.07168,0.85917,95.51817,133.51327,82.02385,NaN,0.29976,0.43832,0.26192,0
58,0.07168,0.85917,118.96060,131.93712,82.87010,NaN,0.35266,0.40152,0.24582,0
59,0.07168,0.85917,123.21763,133.66916,64.58342,NaN,0.37502,0.41634,0.20865,0
60,0.07168,0.85917,118.21143,132.64229,67.46695,NaN,0.36268,0.41898,0.21834,0
61,0.07168,0.85917,110.49601,130.05555,58.55057,NaN,0.35576,0.43262,0.21162,0
62,0.07168,0.85917,111.07611,124.87406,66.44818,NaN,0.35869,0.41175,0.22956,0
63,0.07168,0.85917,116.42963,144.34241,65.24950,NaN,0.34230,0.45252,0.20518,0
64,0.07168,0.85917,109.22731,136.16885,78.55694,NaN,0.32840,0.42994,0.24166,0
65,0.07168,0.85917,111.20233,137.57418,80.62341,NaN,0.32913,0.42845,0.24242,0
66,0.07168,0.85917,111.07885,140.30997,104.74566,NaN,0.30505,0.40862,0.28633,0
67,0.07168,0.85917,117.30564,146.58125,108.05828,NaN,0.30752,0.41212,0.28036,0
68,0.07168,0.85917,122.09528,128.31187,123.08626,NaN,0.32530,0.34616,0.32854,0
69,0.07168,0.85917,113.55410,126.59431,101.59714,NaN,0.33040,0.37643,0.29317,0
70,0.07168,0.85917,107.67521,121.72550,117.90251,NaN,0.30689,0.35318,0.33993,0
71,0.07168,0.85917,109.08610,124.80824,130.55502,NaN,0.29328,0.34321,0.36351,0
72,0.07168,0.85917,104.39848,131.11503,123.58462,NaN,0.28427,0.37133,0.34440,0
73,0.07168,0.85917,85.34433,134.87293,123.42577,NaN,0.24364,0.39980,0.35656,0
74,0.07168,0.85917,80.57058,130.01010,112.50214,NaN,0.24902,0.40827,0.34270,0
75,0.07168,0.85917,77.28509,135.72826,110.49408,NaN,0.23879,0.42838,0.33284,0
76,0.07168,0.85917,64.11715,145.20228,106.99545,NaN,0.20898,0.47016,0.32086,0
77,0.07168,0.85917,74.33507,161.72024,107.85257,NaN,0.20858,0.49978,0.29163,0
78,0.07168,0.85917,72.18352,167.37183,102.35375,NaN,0.20232,0.52412,0.27356,0
79,0.07168,0.85917,74.18867,192.16151,96.38652,NaN,0.18175,0.59132,0.22692,0
80,0.07168,0.85917,77.21361,200.98387,86.08859,NaN,0.18049,0.62227,0.19724,0
81,0.07168,0.85917,64.65179,209.11445,105.77560,NaN,0.14817,0.62829,0.22354,0
82,0.07168,0.85917,70.56882,220.51884,108.34356,NaN,0.14412,0.64560,0.21028,0
83,0.07168,0.85917,81.70692,229.90204,119.73582,NaN,0.14568,0.64123,0.21309,0
84,0.07168,0.85917,62.33081,224.57396,113.35171,NaN,0.12935,0.65520,0.21545,0
85,0.07168,0.85917,58.75817,219.27351,118.00322,NaN,0.12842,0.63935,0.23223,0
86,0.07168,0.85917,76.77392,190.35754,112.04313,NaN,0.18061,0.56239,0.25699,0
87,0.07168,0.85917,87.10538,180.02201,105.51368,NaN,0.21121,0.53488,0.25390,0
88,0.07168,0.85917,88.14001,179.74847,85.80640,NaN,0.22339,0.55837,0.21824,0
89,0.07168,0.85917,97.11751,184.34419,88.29153,NaN,0.23213,0.55534,0.21252,0
90,0.07168,0.85917,98.47981,189.60420,76.69105,NaN,0.23301,0.57960,0.18739,0
91,0.07168,0.85917,100.86445,186.30229,88.10302,NaN,0.23640,0.55552,0.20808,0
92,0.07168,0.85917,111.26040,174.62377,60.67523,NaN,0.28674,0.54035,0.17290,0
93,0.07168,0.85917,133.01370,179.70415,62.98421,NaN,0.32347,0.51595,0.16058,0
94,0.07168,0.85917,143.56997,179.09653,48.06355,NaN,0.35570,0.50743,0.13687,0
95,0.07168,0.85917,140.14420,200.21287,52.33964,NaN,0.30874,0.56295,0.12831,0
96,0.07168,0.85917,139.65402,193.42589,59.76998,NaN,0.31626,0.54147,0.14227,0
97,0.07168,0.85917,149.10861,190.90977,67.74627,NaN,0.33759,0.51278,0.14964,0
98,0.07168,0.85917,148.81022,209.65517,78.49653,NaN,0.30007,0.55139,0.14854,0
99,0.07168,0.85917,145.78066,220.15241,81.99843,NaN,0.27532,0.57919,0.14549,0
100,0.07168,0.85917,170.69560,211.85132,70.80299,NaN,0.34753,0.52448,0.12799,0
101,0.07168,0.85917,169.30888,226.39151,71.94279,NaN,0.31772,0.56228,0.12000,0
102,0.07168,0.85917,170.37902,228.57998,74.93442,NaN,0.31499,0.56372,0.12128,0
103,0.07168,0.85917,167.92780,248.60319,74.06134,NaN,0.27535,0.61695,0.10770,0
104,0.07168,0.85917,154.95718,240.72366,81.63787,NaN,0.26055,0.61429,0.12516,0
105,0.07168,0.85917,162.23547,238.30853,74.91920,NaN,0.28110,0.60151,0.11739,0
106,0.07168,0.85917,153.89685,245.24177,75.15527,NaN,0.25330,0.63145,0.11526,0
107,0.07168,0.85917,155.62856,241.73669,81.84406,NaN,0.26016,0.61545,0.12439,0
108,0.07168,0.85917,148.38082,231.27133,79.35058,NaN,0.26370,0.60408,0.13222,0
109,0.07168,0.85917,164.46900,224.57866,100.60225,NaN,0.29832,0.54417,0.15751,0
110,0.07168,0.85917,161.17665,216.60023,93.59976,NaN,0.30775,0.53568,0.15657,0
111,0.07168,0.85917,150.54044,221.09777,96.43629,NaN,0.27723,0.56139,0.16139,0
112,0.07168,0.85917,155.89594,225.41759,91.29736,NaN,0.28342,0.56802,0.14856,0
113,0.07168,0.85917,178.24832,228.44053,87.27911,NaN,0.32738,0.54080,0.13182,0
114,0.07168,0.85917,173.62169,221.18082,92.78894,NaN,0.32738,0.52674,0.14588,0
115,0.07168,0.85917,191.36000,214.18058,79.27366,NaN,0.38725,0.48651,0.12624,0
116,0.07168,0.85917,217.35435,219.12657,75.60248,NaN,0.44244,0.45035,0.10721,0
117,0.07168,0.85917,215.74958,215.78874,62.96583,NaN,0.45098,0.45116,0.09786,0
118,0.07168,0.85917,217.29910,208.07030,59.61044,NaN,0.47204,0.43043,0.09753,0
119,0.07168,0.85917,220.34855,211.15157,68.01159,NaN,0.46946,0.42821,0.10233,0
120,0.07168,0.85917,230.80649,228.23061,71.37845,NaN,0.45922,0.44754,0.09325,0
121,0.07168,0.85917,248.60337,234.99019,61.95304,NaN,0.49324,0.43047,0.07629,0
122,0.07168,0.85917,243.86745,227.96777,52.19552,NaN,0.49998,0.42648,0.07354,0
123,0.07168,0.85917,248.83666,222.27259,53.16928,NaN,0.52410,0.40183,0.07407,0
124,0.07168,0.85917,258.35263,228.77945,57.88435,NaN,0.53229,0.39601,0.07170,0
125,0.07168,0.85917,276.98284,236.84115,81.50732,NaN,0.55219,0.36962,0.07819,0
126,0.07168,0.85917,251.58783,238.43609,85.03859,NaN,0.48406,0.42441,0.09153,0
127,0.07168,0.85917,256.40696,243.12743,95.74232,NaN,0.48165,0.42175,0.09660,0
128,0.07168,0.85917,242.13746,241.55568,80.35135,NaN,0.45610,0.45345,0.09045,0
129,0.07168,0.85917,244.01383,249.61303,86.80199,NaN,0.44146,0.46689,0.09165,0
130,0.07168,0.85917,254.96743,248.17215,109.80757,NaN,0.46115,0.43085,0.10800,0
131,0.07168,0.85917,260.79247,256.03706,109.63882,NaN,0.45995,0.43859,0.10145,0
132,0.07168,0.85917,244.01082,258.99530,111.62203,NaN,0.41190,0.47849,0.10961,0
133,0.07168,0.85917,233.87700,264.67470,112.74736,NaN,0.37615,0.51182,0.11202,0
134,0.07168,0.85917,235.51452,269.10054,112.59458,NaN,0.37152,0.51980,0.10868,0
135,0.07168,0.85917,253.99293,269.93102,98.76469,NaN,0.41937,0.49183,0.08881,0
136,0.07168,0.85917,248.10877,268.35126,88.29958,NaN,0.41209,0.50455,0.08336,0
137,0.07168,0.85917,247.30502,281.93394,82.31279,NaN,0.38375,0.54255,0.07370,0
138,0.07168,0.85917,240.12006,257.68771,85.20313,NaN,0.41589,0.49576,0.08835,0
139,0.07168,0.85917,238.02266,255.70998,82.50114,NaN,0.41587,0.49633,0.08781,0
140,0.07168,0.85917,250.44708,257.32493,86.70313,NaN,0.44137,0.47279,0.08584,0
141,0.07168,0.85917,251.38971,261.44061,87.28658,NaN,0.43487,0.48086,0.08427,0
142,0.07168,0.85917,254.21085,257.87001,101.41944,NaN,0.44361,0.46014,0.09626,0
143,0.07168,0.85917,244.47164,244.95141,99.61838,NaN,0.44648,0.44863,0.10489,0
144,0.07168,0.85917,238.96464,229.48442,91.91053,NaN,0.46743,0.42515,0.10742,0
145,0.07168,0.85917,248.33013,223.31843,90.42068,NaN,0.50381,0.39232,0.10387,0
146,0.07168,0.85917,246.52151,226.23018,105.87785,NaN,0.48512,0.39602,0.11886,0
147,0.07168,0.85917,244.03721,219.12858,103.79144,NaN,0.49370,0.38485,0.12145,0
148,0.07168,0.85917,242.60363,232.18100,115.47945,NaN,0.45840,0.41303,0.12857,0
149,0.07168,0.85917,251.84673,227.23967,99.22942,NaN,0.50019,0.39108,0.10872,0
150,0.07168,0.85917,234.81653,244.07571,102.83263,NaN,0.42298,0.46401,0.11301,0
151,0.07168,0.85917,238.87474,247.32718,95.16642,NaN,0.42996,0.46788,0.10217,0
152,0.07168,0.85917,255.26362,243.59264,92.47119,NaN,0.47934,0.42654,0.09411,0
153,0.07168,0.85917,253.38444,238.73051,93.72885,NaN,0.48396,0.41799,0.09805,0
154,0.07168,0.85917,249.30206,237.47519,74.70654,NaN,0.48475,0.43068,0.08458,0
155,0.07168,0.85917,250.42964,221.27465,54.72369,NaN,0.52956,0.39563,0.07481,0
156,0.07168,0.85917,231.30328,224.92730,74.49308,NaN,0.46584,0.43706,0.09710,0
157,0.07168,0.85917,227.92232,244.08125,81.90829,NaN,0.41535,0.48820,0.09645,0
158,0.07168,0.85917,225.37016,234.05726,62.02153,NaN,0.43744,0.47715,0.08541,0
159,0.07168,0.85917,231.68278,230.85047,62.50116,NaN,0.45958,0.45577,0.08465,0
160,0.07168,0.85917,248.49704,242.23447,75.28309,NaN,0.47255,0.44386,0.08360,0
161,0.07168,0.85917,243.82761,249.56953,80.64461,NaN,0.44352,0.46974,0.08674,0
162,0.07168,0.85917,250.11045,259.13839,69.27781,NaN,0.44279,0.48462,0.07259,0
163,0.07168,0.85917,240.79126,255.69750,62.20697,NaN,0.42948,0.49852,0.07200,0
164,0.07168,0.91987,244.23127,265.01477,NaN,NaN,0.44823,0.55177,0,0
165,0.07168,0.91987,242.77763,263.16030,NaN,NaN,0.44922,0.55078,0,0
166,0.07168,0.91987,259.75602,262.00661,NaN,NaN,0.49437,0.50563,0,0
167,0.07168,0.91987,268.18330,271.96136,NaN,NaN,0.49056,0.50944,0,0
168,0.07168,0.91987,270.00602,264.79266,NaN,NaN,0.51303,0.48697,0,0
169,0.07168,0.91987,244.38127,282.85126,NaN,NaN,0.40499,0.59501,0,0
170,0.07168,0.91987,253.38404,280.31629,NaN,NaN,0.43307,0.56693,0,0
171,0.07168,0.91987,251.35986,308.24022,NaN,NaN,0.36151,0.63849,0,0
172,0.07168,0.91987,252.40909,314.35324,NaN,NaN,0.34991,0.65009,0,0
173,0.07168,0.91987,243.80687,320.08912,NaN,NaN,0.31803,0.68197,0,0
174,0.07168,0.91987,245.52199,315.73243,NaN,NaN,0.33135,0.66865,0,0
175,0.07168,0.91987,261.76436,313.23784,NaN,NaN,0.37408,0.62592,0,0
176,0.07168,0.91987,292.74667,319.38252,NaN,NaN,0.43380,0.56620,0,0
177,0.07168,0.91987,282.49269,321.68589,NaN,NaN,0.40325,0.59675,0,0
178,0.07168,0.91987,276.05988,326.98059,NaN,NaN,0.37538,0.62462,0,0
179,0.07168,0.91987,286.87048,314.87025,NaN,NaN,0.43045,0.56955,0,0
180,0.07168,0.91987,290.00726,305.11393,NaN,NaN,0.46230,0.53770,0,0
181,0.07168,0.91987,275.91302,296.20485,NaN,NaN,0.44944,0.55056,0,0
182,0.07168,0.91987,273.78269,293.40556,NaN,NaN,0.45110,0.54890,0,0
183,0.07168,0.91987,298.66222,307.10487,NaN,NaN,0.47891,0.52109,0,0
184,0.07168,0.91987,291.80254,307.16861,NaN,NaN,0.46166,0.53834,0,0
185,0.07168,0.91987,285.44004,307.33851,NaN,NaN,0.44547,0.55453,0,0
186,0.07168,0.91987,296.04490,314.76018,NaN,NaN,0.45335,0.54665,0,0
187,0.07168,0.91987,307.65426,313.18733,NaN,NaN,0.48617,0.51383,0,0
188,0.07168,0.91987,302.80379,331.85170,NaN,NaN,0.42789,0.57211,0,0
189,0.07168,0.91987,302.26812,351.75345,NaN,NaN,0.37875,0.62125,0,0
190,0.07168,0.91987,312.56990,334.91954,NaN,NaN,0.44436,0.55564,0,0
191,0.07168,0.91987,322.70134,345.57519,NaN,NaN,0.44306,0.55694,0,0
192,0.07168,0.91987,322.27794,347.27240,NaN,NaN,0.43784,0.56216,0,0
193,0.07168,0.91987,332.28140,339.28035,NaN,NaN,0.48251,0.51749,0,0
194,0.07168,0.91987,339.01363,334.26301,NaN,NaN,0.51187,0.48813,0,0
195,0.07168,0.91987,340.47714,336.54793,NaN,NaN,0.50982,0.49018,0,0
196,0.07168,0.91987,326.98531,335.12029,NaN,NaN,0.47967,0.52033,0,0
197,0.07168,0.91987,329.96787,362.20324,NaN,NaN,0.42010,0.57990,0,0
198,0.07168,0.91987,354.35584,346.63762,NaN,NaN,0.51929,0.48071,0,0
199,0.07168,0.91987,375.33433,359.45271,NaN,NaN,0.53962,0.46038,0,0
200,0.07168,0.91987,379.99964,362.80778,NaN,NaN,0.54287,0.45713,0,0
201,0.07168,0.91987,374.34544,366.24060,NaN,NaN,0.52025,0.47975,0,0
202,0.07168,0.91987,392.98104,354.59460,NaN,NaN,0.59480,0.40520,0,0
203,0.07168,0.91987,401.81675,354.40559,NaN,NaN,0.61636,0.38364,0,0
204,0.07168,0.91987,400.23826,338.99511,NaN,NaN,0.64850,0.35150,0,0
205,0.07168,0.91987,406.90190,347.14405,NaN,NaN,0.64510,0.35490,0,0
206,0.07168,0.91987,408.40075,349.33577,NaN,NaN,0.64351,0.35649,0,0
207,0.07168,0.91987,401.91084,347.10638,NaN,NaN,0.63368,0.36632,0,0
208,0.07168,0.91987,395.99342,327.89106,NaN,NaN,0.66397,0.33603,0,0
209,0.07168,0.91987,397.58433,327.06280,NaN,NaN,0.66934,0.33066,0,0
210,0.07168,0.91987,400.94643,314.60112,NaN,NaN,0.70338,0.29662,0,0
211,0.07168,0.91987,414.00532,312.43930,NaN,NaN,0.73413,0.26587,0,0
212,0.07168,0.91987,416.65515,321.12979,NaN,NaN,0.72217,0.27783,0,0
213,0.07168,0.91987,421.61440,315.55722,NaN,NaN,0.74280,0.25720,0,0
214,0.07168,0.91987,425.01646,322.27578,NaN,NaN,0.73641,0.26359,0,0
215,0.07168,0.91987,418.19198,322.28431,NaN,NaN,0.72294,0.27706,0,0
216,0.07168,0.91987,416.11783,321.69424,NaN,NaN,0.71995,0.28005,0,0
217,0.07168,0.91987,416.02836,321.34366,NaN,NaN,0.72048,0.27952,0,0
218,0.07168,0.91987,404.35231,328.29977,NaN,NaN,0.68147,0.31853,0,0
219,0.07168,0.91987,406.51383,325.80239,NaN,NaN,0.69149,0.30851,0,0
220,0.07168,0.91987,413.53514,299.45690,NaN,NaN,0.75782,0.24218,0,0
221,0.07168,0.91987,417.49651,294.80277,NaN,NaN,0.77328,0.22672,0,0
222,0.07168,0.91987,422.42520,279.51048,NaN,NaN,0.80677,0.19323,0,0
223,0.07168,0.91987,429.42804,265.10540,NaN,NaN,0.83797,0.16203,0,0
224,0.07168,0.91987,434.94317,261.32140,NaN,NaN,0.85021,0.14979,0,0
225,0.07168,0.91987,436.70413,252.08014,NaN,NaN,0.86369,0.13631,0,0
226,0.07168,0.91987,440.44505,253.50840,NaN,NaN,0.86638,0.13362,0,0
227,0.07168,0.91987,437.03447,253.42536,NaN,NaN,0.86249,0.13751,0,0
228,0.07168,0.91987,434.06169,245.60087,NaN,NaN,0.86814,0.13186,0,0
229,0.07168,0.91987,446.66317,251.03825,NaN,NaN,0.87613,0.12387,0,0
230,0.07168,0.91987,462.61598,251.59768,NaN,NaN,0.89189,0.10811,0,0
231,0.07168,0.91987,462.81742,246.67016,NaN,NaN,0.89674,0.10326,0,0
232,0.07168,0.91987,457.95565,258.04947,NaN,NaN,0.88070,0.11930,0,0
233,0.07168,0.91987,468.99759,252.71064,NaN,NaN,0.89687,0.10313,0,0
234,0.07168,0.91987,483.63974,264.90187,NaN,NaN,0.89911,0.10089,0,0
235,0.07168,0.91987,479.17639,252.14089,NaN,NaN,0.90639,0.09361,0,0
236,0.07168,0.91987,492.77742,267.50752,NaN,NaN,0.90488,0.09512,0,0
237,0.07168,0.91987,502.70276,268.82887,NaN,NaN,0.91203,0.08797,0,0
